1 -313.003125 286.47625
1 -308.146875 295.70375
1 -302.15515625 304.1459375
1 -295.02796875 311.8028125
1 -286.7653125 318.674375
1 -277.3671875 324.760625
1 -266.83359375 330.0615625
1 -255.16453125 334.5771875
1 -242.36 338.3075
1 -228.42 341.2525
1 -214.4309375 343.4121875
1 -200.3928125 344.7865625
1 -186.305625 345.375625
1 -172.169375 345.179375
1 -157.9840625 344.1978125
1 -143.7496875 342.4309375
1 -129.46625 339.87875
1 -115.13375 336.54125
1 -101.53734375 332.86015625
1 -88.67703125 328.83546875
1 -76.5528125 324.4671875
1 -65.1646875 319.7553125
1 -54.51265625 314.69984375
1 -44.59671875 309.30078125
1 -35.416875 303.558125
1 -26.973125 297.471875
1 -19.02046875 291.18921875
1 -11.55890625 284.71015625
1 -4.5884375 278.0346875
1 1.8909375 271.1628125
1 7.87921875 264.09453125
1 13.37640625 256.82984375
1 18.3825 249.36875
1 22.8975 241.71125
1 27.02 234.07828125
1 30.75 226.46984375
1 34.0875 218.8859375
1 37.0325 211.3265625
1 39.585 203.79171875
1 41.745 196.28140625
1 43.5125 188.795625
1 44.8875 181.334375
1 45.37890625 173.79953125
1 44.98671875 166.19109375
1 43.7109375 158.5090625
1 41.5515625 150.7534375
1 38.50859375 142.92421875
1 34.58203125 135.02140625
1 29.771875 127.045
1 24.078125 118.995
1 18.45796875 111.583125
1 12.91140625 104.809375
1 7.4384375 98.67375
1 2.0390625 93.17625
1 -3.28671875 88.316875
1 -8.53890625 84.095625
1 -13.7175 80.5125
1 -18.8225 77.5675
1 -23.85390625 74.32796875
1 -28.81171875 70.79390625
1 -33.6959375 66.9653125
1 -38.5065625 62.8421875
1 -43.24359375 58.42453125
1 -47.90703125 53.71234375
1 -52.496875 48.705625
1 -57.013125 43.404375
1 -61.60296875 38.4221875
1 -66.26640625 33.7590625
1 -71.0034375 29.415
1 -75.8140625 25.39
1 -80.69828125 21.6840625
1 -85.65609375 18.2971875
1 -90.6875 15.229375
1 -95.7925 12.480625
1 -101.09375 10.1
1 -106.59125 8.0875
1 -112.285 6.443125
1 -118.175 5.166875
1 -124.26125 4.25875
1 -130.54375 3.71875
1 -137.0225 3.546875
1 -143.6975 3.743125
1 -150.59359375 4.1603125
1 -157.71078125 4.7984375
1 -165.0490625 5.6575
1 -172.6084375 6.7375
1 -180.38890625 8.0384375
1 -188.39046875 9.5603125
1 -196.613125 11.303125
1 -205.056875 13.266875
1 -213.05859375 15.54953125
1 -220.61828125 18.15109375
1 -227.7359375 21.0715625
1 -234.4115625 24.3109375
1 -240.64515625 27.86921875
1 -246.43671875 31.74640625
1 -251.78625 35.9425
1 -256.69375 40.4575
1 -261.846875 45.1690625
1 -267.245625 50.0771875
1 -272.89 55.181875
1 -278.78 60.483125
1 -284.915625 65.9809375
1 -291.296875 71.6753125
1 -297.92375 77.56625
1 -304.79625 83.65375
1 -310.83421875 89.7165625
1 -316.03765625 95.7546875
1 -320.4065625 101.768125
1 -323.9409375 107.756875
1 -326.64078125 113.7209375
1 -328.50609375 119.6603125
1 -329.536875 125.575
1 -329.733125 131.465
1 -329.9784375 137.18328125
1 -330.2728125 142.72984375
1 -330.61625 148.1046875
1 -331.00875 153.3078125
1 -331.4503125 158.33921875
1 -331.9409375 163.19890625
1 -332.480625 167.886875
1 -333.069375 172.403125
1 -333.504375 177.385625
1 -333.785625 182.834375
1 -333.913125 188.749375
1 -333.886875 195.130625
1 -333.706875 201.978125
1 -333.373125 209.291875
1 -332.885625 217.071875
1 -332.244375 225.318125
1 -331.07625 233.68703125
1 -329.38125 242.17859375
1 -327.159375 250.7928125
1 -324.410625 259.5296875
1 -321.135 268.38921875
1 -317.3325 277.37140625
1 -313.003125 286.47625